6309
6596
6379
6307
6482
6395
6494
6450
6367
6521
6570
6414
6827
6367
12933
6312
6600
6381
6309
6486
6396
6495
6454
6369
6524
6575
6417
6831
6368
12939
6314
6601
6383
6310
6488
6400
6499
6456
6370
6528
6576
6419
6835
6371
12946
6315
6604
6386
6313
6491
6401
6501
6460
6374
6528
6580
6421
6836
6375
12951
6318
6608
6388
6316
6495
6404
6504
6461
6376
6534
6581
6425
6840
6378
12957
6321
6609
6391
6319
6495
6408
6508
6466
6379
6535
6585
6428
6843
6380
12961
6325
6615
6393
6321
6500
6410
6510
6469
6381
6539
6588
6431
6845
6382
12966
6328
6615
6397
6324
6501
6413
6512
6472
6384
6542
6591
6432
6847
6385
12973
6329
6618
6400
6327
6506
6416
6516
6472
6387
6544
6594
6435
6851
6387
12978
6333
6623
6401
6330
6506
6419
6517
6476
6391
6548
6596
6438
6853
6390
12984
6336
6624
6405
6335
6509
6421
6522
6478
6393
6551
6598
6441
6859
6393
12991
6337
6628
6409
6336
6513
6423
6524
6483
6395
6552
6603
6443
6859
6397
12995
6341
6630
6411
6337
6516
6427
6527
6484
6397
6555
6606
6445
6863
6397
13001
6343
6632
6412
6341
6520
6429
6531
6487
6401
6557
6607
6449
6867
6400
13008
6346
6634
6417
6344
6521
6433
6533
6491
6402
6562
6611
6452
6868
6404
13012
6350
6639
6420
6346
6523
6434
6534
6493
6407
6563
6613
6454
6873
6407
13016
6352
6643
6422
6348
6527
6439
6537
6496
6408
6568
6615
6458
6875
6410
13022
6355
6644
6423
6352
6529
6440
6540
6498
6411
6571
6619
6461
6877
6412
13029
6356
6647
6426
6354
6533
6443
6545
6500
6415
6573
6622
6463
6881
6415
13035
6359
6651
6429
6357
6535
6446
6547
6505
6417
6575
6626
6465
6883
6419
13040
6364
6654
6431
6360
6537
6450
6548
6507
6421
6578
6628
6468
6887
6420
13047
6365
6655
6436
6364
6540
6451
6553
6509
6424
6580
6631
6472
6890
6423
13051
6369
6659
6437
6365
6543
6454
6555
6512
6426
6583
6633
6474
6893
6427
13057
6371
6662
6441
6369
6547
6457
6559
6515
6429
6588
6637
6476
6895
6430
13061
6374
6663
6443
6371
6549
6459
6561
6518
6431
6589
6639
6480
6899
6431
13069
6375
6668
6446
6374
6553
6464
6562
6522
6435
6591
6641
6484
6901
6433
13074
6380
6671
6451
6376
6555
6464
6566
6525
6436
6595
6646
6484
6905
6436
13081
6383
6673
6452
6379
6557
6468
6568
6527
6441
6599
6648
6487
6907
6440
13086
6385
6675
6455
6383
6560
6471
6571
6531
6443
6600
6651
6490
6911
6441
13091
6388
6679
6456
6385
6564
6473
6575
6532
6445
6604
6652
6494
6913
6444
13097
6390
6680
6460
6388
6567
6476
6579
6534
6449
6606
6657
6496
6917
6449
13103
6392
6684
6464
6389
6570
6481
6580
6538
6451
6608
6659
6499
6920
6451
13107
6395
6687
6467
6393
6572
6483
6583
6540
6455
6613
6663
6501
6922
6454
13115
6400
6689
6470
6396
6576
6487
6586
6543
6456
6616
6666
6504
6927
6458
13119
6400
6693
6472
6400
6579
6490
6587
6547
6460
6618
6668
6508
6928
6459
13125
6404
6697
6473
6403
6580
6492
6591
6550
6462
6621
6672
6510
6930
6463
13129
6407
6700
6476
6404
6584
6495
6596
6551
6464
6624
6672
6512
6934
6466
13135
6408
6702
6480
6407
6586
6496
6597
6555
6467
6627
6676
6515
6938
6468
13142
6413
6705
6483
6409
6588
6500
6601
6557
6471
6631
6681
6518
6941
6469
13149
6416
6708
6485
6412
6591
6502
6604
6560
6472
6633
6681
6521
6944
6474
13153
6419
6711
6489
6415
6595
6506
6606
6564
6476
6635
6687
6524
6947
6477
13158
6421
6715
6492
6419
6598
6507
6610
6567
6479
6639
6689
6528
6948
6479
13164
6424
6717
6494
6421
6601
6512
6611
6569
6483
6640
6691
6529
6953
6483
13172
6426
6718
6497
6424
6604
6514
6615
6572
6485
6645
6695
6532
6956
6484
13178
6429
6723
6500
6426
6607
6517
6617
6576
6488
6647
6696
6537
6959
6488
13183
6432
6725
6503
6431
6609
6518
6621
6579
6489
6650
6701
6537
6963
6491
13187
6433
6729
6506
6433
6611
6522
6622
6580
6492
6654
6703
6541
6964
6493
13193
6438
6731
6508
6435
6615
6526
6625
6583
6496
6654
6707
6545
6968
6496
13198
6441
6732
6510
6437
6617
6527
6629
6585
6499
6657
6708
6548
6972
6499
13204
6444
6736
6513
6440
6620
6532
6631
6588
6501
6660
6711
6549
6974
6503
13211
6446
6740
6515
6444
6624
6533
6635
6591
6504
6664
6716
6553
6978
6504
13216
6449
6743
6519
6447
6627
6537
6638
6596
6507
6667
6718
6556
6981
6507
13221
6453
6744
6523
6449
6628
6539
6639
6597
6509
6669
6721
6559
6983
6510
13229
