52069
39553
31211
28039
25192
22444
21114
20284
19221
18552
16963
16887
16986
15861
31505
15650
15573
14603
14894
14827
14345
14463
14757
14687
14792
13970
14298
14656
13860
27807
13809
13659
12698
12831
12607
12047
11947
11994
11760
11669
10901
11045
11249
10624
21307
10658
10640
9989
10200
10133
9785
9825
9973
9883
9928
9384
9625
9922
9469
19292
9797
9868
9334
9584
9563
9263
9319
9452
9368
9397
8849
9046
9287
8823
17835
8976
8990
8456
8645
8602
8310
8343
8471
8400
8432
7960
8160
8397
8001
16303
8264
8311
7867
8095
8100
7871
7974
8145
8098
8162
7734
7943
8174
7784
15814
7980
8013
7547
7718
7681
7431
7470
7583
7521
7555
7125
7299
7507
7158
14530
7346
7388
6970
7154
7147
6925
6997
7126
7087
7139
6767
6956
7182
6866
14019
7110
7153
6763
6948
6941
6726
6777
6900
6853
6889
6515
6687
6891
6574
13372
6777
6815
6435
6613
6609
6411
6461
6588
6551
6592
6240
6408
6608
6316
12885
6546
6599
6246
6432
6439
6259
6330
6457
6428
6481
6135
6303
6484
6191
12591
6375
6402
6047
6214
6204
6015
6063
6177
6140
6182
5851
6011
6199
5921
12064
6127
6165
5834
5993
5996
5829
5883
5998
5974
6028
5718
5876
6063
5798
11835
6007
6046
5726
5880
5875
5698
5745
5848
5812
5850
5542
5696
5875
5608
11438
5810
5847
5530
5687
5692
5523
5571
5683
5663
5711
5409
5559
5742
5489
11207
5699
5750
5442
5604
5612
5457
5520
5634
5607
5651
5356
5505
5676
5413
11028
5590
5619
5313
5458
5459
5295
5343
5452
5420
5460
5176
5320
5490
5244
10709
5442
5483
5188
5343
5347
5199
5247
5354
5337
5386
5109
5255
5423
5187
10584
5370
5409
5118
5258
5260
5105
5151
5254
5224
5267
4993
5131
5294
5061
10333
5247
5286
5003
5143
5149
5002
5050
5154
5131
5173
4910
5049
5213
4990
10200
5186
5231
4956
5102
5105
4959
5009
5112
5091
5129
4862
5000
5159
4927
10041
5095
5130
4853
4989
4995
4852
4903
5002
4975
5017
4760
4893
5048
4824
9860
5014
5052
4785
4927
4935
4796
4844
4947
4930
4973
4714
4849
5005
4786
9777
4964
5000
4731
4865
4868
4726
4772
4871
4850
4890
4638
4765
4924
4706
9608
4882
4920
4659
4790
4798
4660
4711
4810
4791
4835
4587
4724
4877
4668
9543
4854
4896
4642
4778
4788
4653
4699
4797
4778
4820
4567
4693
4842
4625
9439
4789
4823
4568
4698
4703
4567
4613
4712
4690
4730
4483
4610
4762
4552
9305
4730
4767
4519
4653
4659
4528
4577
4671
4656
4699
4453
4580
4730
4524
9238
4692
4729
4477
4608
4612
4482
4529
4623
4607
4646
4402
4525
4671
4469
9118
4633
4671
4425
4553
4561
4433
4479
4570
4559
4600
4360
4491
4639
4440
9074
4614
4649
4403
4533
4538
4410
4453
4544
4526
4563
4325
4444
4588
4386
8962
4552
4587
4343
4467
4474
4346
4393
4480
4464
4508
4275
4394
4539
4343
8882
